train
               X_0          Y_0        yaw_0         vx_0         vy_0     yawdot_0   throttle_0  ...      last_ts          X_1          Y_1        yaw_1         vx_1         vy_1     yawdot_1
count  3504.000000  3504.000000  3504.000000  3504.000000  3504.000000  3504.000000  3504.000000  ...  3504.000000  3504.000000  3504.000000  3504.000000  3504.000000  3504.000000  3504.000000
mean     43.050734   -80.195541    -0.206127    22.672726     0.136752    -0.081248     0.483507  ...     0.020626    43.049831   -80.195099    -0.204153    22.679968     0.136559    -0.081266
std     101.885194   146.307179     1.829527     9.668987     1.828378     0.709242     0.811697  ...     0.003790   101.885510   146.306619     1.829698     9.662653     1.831187     0.708983
min    -163.803787  -321.925293    -3.141336    -0.000840    -9.908000    -2.294764    -1.000000  ...     0.017230  -163.803787  -321.925293    -3.141336     0.189291    -9.908000    -2.294764
25%     -43.629175  -242.222424    -1.747661    14.982950    -0.491210    -0.458387     0.101388  ...     0.019566   -43.629175  -242.155510    -1.747039    15.003212    -0.488147    -0.457830
50%      57.221539   -30.290996    -0.280133    19.971107     0.098099    -0.092106     1.000000  ...     0.020283    57.267429   -30.290996    -0.278642    19.975745     0.098605    -0.091912
75%     127.474907    61.374038     1.505601    29.379455     0.771917     0.355321     1.000000  ...     0.021281   127.461197    61.374038     1.509978    29.325281     0.770968     0.353156
max     201.160507    95.401085     3.141343    44.782460     9.860609     2.323261     1.000000  ...     0.154811   201.159775    95.401085     3.141343    44.782460     9.860609     2.323261

[8 rows x 15 columns]

val
              X_0         Y_0       yaw_0        vx_0        vy_0    yawdot_0  throttle_0     steer_0     last_ts         X_1         Y_1       yaw_1        vx_1        vy_1    yawdot_1
count  618.000000  618.000000  618.000000  618.000000  618.000000  618.000000  618.000000  618.000000  618.000000  618.000000  618.000000  618.000000  618.000000  618.000000  618.000000
mean    41.659587  -77.707279   -0.224868   22.745814    0.192190   -0.056732    0.477045   -0.008553    0.020607   41.666165  -77.708274   -0.236069   22.749248    0.192697   -0.056053
std    103.592668  146.888312    1.839358    9.761638    1.563069    0.710531    0.808283    0.179412    0.003378  103.591660  146.893286    1.838240    9.756455    1.544394    0.712183
min   -163.772736 -321.900452   -3.136737    1.366647   -9.263335   -2.236867   -1.000000   -0.867651    0.017196 -163.788010 -321.912964   -3.139442    1.634280   -8.950005   -2.248604
25%    -42.220084 -242.414501   -1.880986   15.323974   -0.423293   -0.450616    0.061059   -0.072779    0.019552  -42.307384 -242.461735   -1.910069   15.232751   -0.427664   -0.456770
50%     54.333727  -26.186482   -0.245171   20.064554    0.097972   -0.076657    1.000000   -0.007587    0.020234   54.477877  -25.899934   -0.261081   20.022750    0.086082   -0.089928
75%    128.385010   65.953825    1.489234   28.320565    0.749885    0.329393    1.000000    0.067258    0.021261  128.267002   66.169474    1.445799   28.381230    0.763057    0.343849
max    201.157669   95.396179    3.132696   44.708881    8.882654    2.304942    1.000000    0.940530    0.096873  201.160507   95.400093    3.140770   44.751406    9.277109    2.274406
train_err
             X_err        Y_err      yaw_err       vx_err       vy_err   yawdot_err
count  3504.000000  3504.000000  3504.000000  3504.000000  3504.000000  3504.000000
mean     -0.000903     0.000442     0.001975     0.007242    -0.000193    -0.000018
std       0.389152     0.327140     0.396495     0.140451     0.166800     0.053128
min      -0.942809    -0.619537    -6.277417    -0.424340    -1.261837    -0.287035
25%      -0.295811    -0.239918    -0.009466    -0.100893    -0.053310    -0.029530
50%      -0.034592    -0.039932    -0.001827     0.076220     0.001375    -0.002552
75%       0.288331     0.117069     0.007301     0.112793     0.058454     0.028528
max       1.499756     1.059734     6.278277     0.717075     1.061825     0.304624

val_err
            X_err       Y_err     yaw_err      vx_err      vy_err  yawdot_err
count  618.000000  618.000000  618.000000  618.000000  618.000000  618.000000
mean     0.006578   -0.000995   -0.011201    0.003434    0.000506    0.000679
std      0.390875    0.326840    0.252436    0.142819    0.174993    0.050972
min     -0.903058   -0.657310   -6.265759   -0.411643   -1.169986   -0.210357
25%     -0.306474   -0.234898   -0.009066   -0.125843   -0.054042   -0.027955
50%     -0.054857   -0.037708   -0.001811    0.073256    0.003544    0.000005
75%      0.314777    0.096394    0.006537    0.114985    0.055994    0.030027
max      1.176491    0.931396    0.047371    0.594345    1.099136    0.305934
