train
               X_0          Y_0        yaw_0         vx_0         vy_0     yawdot_0   throttle_0  ...      last_ts          X_1          Y_1        yaw_1         vx_1         vy_1     yawdot_1
count  3423.000000  3423.000000  3423.000000  3423.000000  3423.000000  3423.000000  3423.000000  ...  3423.000000  3423.000000  3423.000000  3423.000000  3423.000000  3423.000000  3423.000000
mean    -14.831815   -77.104471     0.860019    31.263991    -0.784384    -0.001464     0.519040  ...     0.020756   -14.866296   -76.777466     0.876113    31.236364    -0.780733    -0.010482
std     109.570856   128.193169     1.606536    10.162228     5.592676     0.803652     0.820251  ...     0.005173   109.771278   128.154676     1.597790    10.134577     5.624491     0.768340
min    -163.905853  -322.047577    -3.140649     2.137142   -14.788855    -2.728209    -1.000000  ...     0.016553  -163.863876  -322.082489    -3.140753     2.374966   -14.788855    -2.644187
25%    -108.286419  -178.948502    -0.090605    22.342445    -6.622895    -0.543672     0.290424  ...     0.019509  -108.526752  -178.197014    -0.086835    22.371553    -6.624174    -0.521374
50%     -54.838593   -72.929893     1.607829    33.835003     0.083162    -0.040922     1.000000  ...     0.020269   -54.923954   -72.216881     1.606978    33.634737     0.077832    -0.049899
75%     109.685081    37.516899     2.007189    39.943370     3.684214     0.538989     1.000000  ...     0.021331   110.323563    37.457678     2.022391    39.924156     3.714451     0.498436
max     201.887131    95.784668     3.140262    50.559213    12.191051     2.596614     1.000000  ...     0.135122   201.873154    95.805389     3.140717    50.629961    12.284393     2.569571

[8 rows x 15 columns]

val
              X_0         Y_0       yaw_0        vx_0        vy_0    yawdot_0  throttle_0     steer_0     last_ts         X_1         Y_1       yaw_1        vx_1        vy_1    yawdot_1
count  603.000000  603.000000  603.000000  603.000000  603.000000  603.000000  603.000000  603.000000  603.000000  603.000000  603.000000  603.000000  603.000000  603.000000  603.000000
mean   -13.220609  -76.006350    0.810149   31.532142   -0.994559    0.028613    0.537528   -0.029546    0.020737  -13.245161  -75.676795    0.799724   31.511646   -0.999889    0.013582
std    109.938055  123.366472    1.601581    9.945429    5.711045    0.771767    0.811862    0.185073    0.005206  110.143802  123.319445    1.608049    9.925618    5.720839    0.742503
min   -163.786377 -321.337341   -3.134883    9.610174  -13.630433   -2.644187   -1.000000   -0.864859    0.017420 -163.771011 -321.424011   -3.139690    9.529701  -13.170683   -2.517156
25%   -108.443291 -175.702423   -0.195635   24.372646   -6.519818   -0.491061    0.530891   -0.132940    0.019538 -108.709694 -174.861549   -0.221662   24.381715   -6.562046   -0.456938
50%    -58.253994  -68.089409    1.579941   33.794393   -0.038279    0.009443    1.000000   -0.013432    0.020263  -57.514496  -67.347282    1.579789   33.733747   -0.007235   -0.024986
75%    110.555611   30.340564    1.974492   39.989097    3.677313    0.523988    1.000000    0.082851    0.021256  111.074173   30.669143    1.983708   39.926187    3.735465    0.507899
max    201.092300   95.682060    3.141090   49.684192   11.382100    2.401551    1.000000    0.665720    0.115822  201.081360   95.722931    3.137986   49.767698   11.310186    2.323216
train_err
             X_err        Y_err      yaw_err       vx_err       vy_err   yawdot_err
count  3423.000000  3423.000000  3423.000000  3423.000000  3423.000000  3423.000000
mean     -0.034480     0.327006     0.016094    -0.027627     0.003650    -0.009018
std       0.432628     0.448326     0.321151     0.161020     0.339703     0.114802
min      -0.934948    -0.864578    -0.155541    -0.464884    -1.255726    -0.310579
25%      -0.276557    -0.041096    -0.010669    -0.152389    -0.152584    -0.077260
50%      -0.179638     0.179947    -0.000887     0.014478     0.002440    -0.004946
75%       0.247272     0.783478     0.010170     0.099352     0.165036     0.058270
max       3.722145     1.603863     6.276439     0.465096     1.992054     0.822261

val_err
            X_err       Y_err     yaw_err      vx_err      vy_err  yawdot_err
count  603.000000  603.000000  603.000000  603.000000  603.000000  603.000000
mean    -0.024551    0.329555   -0.010425   -0.020496   -0.005329   -0.015031
std      0.427192    0.461069    0.255680    0.153401    0.338213    0.113853
min     -0.821590   -0.605034   -6.265112   -0.407914   -1.310894   -0.275436
25%     -0.272327   -0.068256   -0.009354   -0.133390   -0.162817   -0.078155
50%     -0.172890    0.182416   -0.000518    0.024400    0.000451   -0.009729
75%      0.248014    0.787270    0.010576    0.103260    0.160817    0.054614
max      3.199821    1.480579    0.047092    0.313598    1.829521    0.831180
