train
               X_0          Y_0        yaw_0         vx_0         vy_0     yawdot_0   throttle_0  ...      last_ts          X_1          Y_1        yaw_1         vx_1         vy_1     yawdot_1
count  3272.000000  3272.000000  3272.000000  3272.000000  3272.000000  3272.000000  3272.000000  ...  3272.000000  3272.000000  3272.000000  3272.000000  3272.000000  3272.000000  3272.000000
mean     43.083708   -81.523967    -0.178093    24.650018     0.220007    -0.090438     0.536030  ...     0.020495    43.086414   -81.522034    -0.174094    24.659001     0.220595    -0.090360
std     102.094011   147.471565     1.837689    10.237997     1.629046     0.715773     0.802322  ...     0.003780   102.091862   147.472905     1.838139    10.232143     1.629314     0.715899
min    -164.006104  -322.252075    -3.140341     0.003120    -8.466827    -2.401367    -1.000000  ...     0.017265  -164.006424  -322.251556    -3.140341     0.358716    -8.466827    -2.401367
25%     -43.889548  -242.961815    -1.753590    16.872849    -0.359623    -0.474237     0.383634  ...     0.019518   -44.116603  -242.961815    -1.745749    16.876482    -0.360482    -0.470811
50%      57.624931   -32.965836    -0.232861    21.816505     0.042137    -0.005751     1.000000  ...     0.020235    57.771229   -33.251501    -0.230539    21.813082     0.045032    -0.006118
75%     128.713795    63.092526     1.599946    31.428063     0.819434     0.239499     1.000000  ...     0.021143   128.713795    63.092526     1.603464    31.445042     0.821850     0.235680
max     201.908798    95.795006     3.140605    51.381371     7.813792     2.244265     1.000000  ...     0.141769   201.908798    95.795006     3.140605    51.381371     7.813792     2.244265

[8 rows x 15 columns]

val
              X_0         Y_0       yaw_0        vx_0        vy_0    yawdot_0  throttle_0     steer_0     last_ts         X_1         Y_1       yaw_1        vx_1        vy_1    yawdot_1
count  577.000000  577.000000  577.000000  577.000000  577.000000  577.000000  577.000000  577.000000  577.000000  577.000000  577.000000  577.000000  577.000000  577.000000  577.000000
mean    47.989475  -79.071655   -0.253901   24.028868    0.158142   -0.042396    0.520713    0.002119    0.020704   47.975499  -79.080835   -0.276517   24.038572    0.153513   -0.042485
std     98.917646  143.887954    1.857399    9.590896    1.715699    0.705242    0.810045    0.181285    0.005284   98.931584  143.882486    1.853786    9.581666    1.714531    0.704616
min   -164.006424 -322.251556   -3.137699    3.518674   -8.428403   -2.397866   -1.000000   -0.794775    0.017740 -164.006104 -322.252075   -3.139610    3.696673   -8.303525   -2.401246
25%    -31.573341 -241.031677   -1.900617   16.916799   -0.349927   -0.447554    0.233132   -0.076069    0.019550  -31.975397 -240.356308   -1.937791   16.916799   -0.352783   -0.441055
50%     60.974731  -31.660540   -0.284949   21.646869    0.029503   -0.005139    1.000000   -0.001349    0.020265   61.349609  -31.961266   -0.291346   21.671920    0.026912   -0.003888
75%    127.598511   59.334965    1.321738   28.787309    0.725858    0.307400    1.000000    0.051345    0.021215  127.583084   59.208851    1.296559   28.687268    0.681823    0.314271
max    201.853973   95.792793    3.133091   50.960515    7.718148    2.130302    1.000000    1.030389    0.118150  201.833740   95.785728    3.128173   50.807162    7.491661    2.135295
train_err
             X_err        Y_err      yaw_err       vx_err       vy_err   yawdot_err
count  3272.000000  3272.000000  3272.000000  3272.000000  3272.000000  3272.000000
mean      0.002705     0.001933     0.003999     0.008982     0.000588     0.000078
std       0.415846     0.354701     0.290003     0.141735     0.146062     0.051236
min      -0.926929    -0.634773    -6.260972    -0.449376    -1.084976    -0.300732
25%      -0.321768    -0.258732    -0.009597    -0.098435    -0.045037    -0.019798
50%      -0.048597    -0.041851    -0.000122     0.075977    -0.000049    -0.000141
75%       0.324778     0.117136     0.004845     0.112776     0.050508     0.018046
max       1.523705     1.086948     6.278743     0.729881     0.966854     0.367644

val_err
            X_err       Y_err     yaw_err      vx_err      vy_err  yawdot_err
count  577.000000  577.000000  577.000000  577.000000  577.000000  577.000000
mean    -0.013976   -0.009180   -0.022616    0.009704   -0.004629   -0.000088
std      0.406980    0.344141    0.369070    0.142156    0.144964    0.048760
min     -0.918476   -0.597221   -6.270790   -0.340513   -0.928925   -0.302798
25%     -0.349220   -0.271774   -0.009281   -0.096422   -0.047818   -0.021791
50%     -0.059937   -0.060210   -0.000094    0.077661    0.000662   -0.000334
75%      0.300934    0.114441    0.005904    0.114455    0.054855    0.019158
max      1.222832    1.015663    0.080363    0.648717    0.940695    0.326056
