train
               X_0          Y_0        yaw_0         vx_0         vy_0     yawdot_0   throttle_0  ...      last_ts          X_1          Y_1        yaw_1         vx_1         vy_1     yawdot_1
count  6405.000000  6405.000000  6405.000000  6405.000000  6405.000000  6405.000000  6405.000000  ...  6405.000000  6405.000000  6405.000000  6405.000000  6405.000000  6405.000000  6405.000000
mean     44.234169   -80.082033    -0.188164    24.534221     0.197816    -0.076209     0.528783  ...     0.020956    44.236582   -80.081306    -0.188682    24.543215     0.197011    -0.076145
std     101.453719   146.777232     1.836238    10.147907     1.574369     0.704825     0.806575  ...     0.003955   101.458851   146.778406     1.836229    10.140427     1.575313     0.704480
min    -164.006424  -322.252075    -3.141065     0.358716    -8.466827    -2.426150    -1.000000  ...     0.017249  -164.006424  -322.252075    -3.141065     0.808841    -8.466827    -2.426150
25%     -41.413277  -242.066376    -1.754753    16.888824    -0.354949    -0.444901     0.299077  ...     0.019841   -41.413277  -242.066376    -1.755041    16.893152    -0.355061    -0.443740
50%      59.567822   -29.747297    -0.253878    21.801529     0.067602    -0.010878     1.000000  ...     0.020661    59.490681   -29.747297    -0.253878    21.808278     0.066869    -0.010632
75%     128.293274    62.827404     1.594607    30.817090     0.765961     0.234240     1.000000  ...     0.021595   128.306839    62.827404     1.590377    30.838104     0.768292     0.234240
max     202.003647    95.827797     3.140605    51.821376     7.813792     2.368308     1.000000  ...     0.141769   202.003647    95.827538     3.140808    51.815430     7.813792     2.368308

[8 rows x 15 columns]

val
               X_0          Y_0        yaw_0         vx_0         vy_0     yawdot_0   throttle_0  ...      last_ts          X_1          Y_1        yaw_1         vx_1         vy_1     yawdot_1
count  1130.000000  1130.000000  1130.000000  1130.000000  1130.000000  1130.000000  1130.000000  ...  1130.000000  1130.000000  1130.000000  1130.000000  1130.000000  1130.000000  1130.000000
mean     42.040123   -84.821800    -0.161559    24.640201     0.255460    -0.125725     0.551746  ...     0.020912    42.027835   -84.824102    -0.158564    24.651989     0.258768    -0.125798
std     102.457931   147.929083     1.855994    10.191802     1.462104     0.703581     0.790208  ...     0.002849   102.429466   147.924534     1.856007    10.192551     1.456662     0.705595
min    -164.006104  -322.218475    -3.137670     0.003120    -7.991079    -2.403993    -1.000000  ...     0.017516  -163.999619  -322.202820    -3.139084     0.358716    -8.256169    -2.413744
25%     -46.307962  -245.839230    -1.823394    16.904515    -0.279120    -0.528162     0.481622  ...     0.019881   -46.013575  -246.010788    -1.826593    16.909081    -0.283629    -0.528665
50%      54.379795   -43.930632    -0.215421    21.617542     0.063458    -0.037060     1.000000  ...     0.020673    54.164801   -43.614374    -0.213745    21.661265     0.062495    -0.033024
75%     129.070953    61.967909     1.608843    31.520818     0.845017     0.187252     1.000000  ...     0.021713   129.181606    61.796998     1.612435    31.604928     0.846325     0.187611
max     201.908798    95.827538     3.140808    51.802747     6.687687     2.281255     1.000000  ...     0.105633   201.908493    95.827797     3.137078    51.821376     6.116559     2.291590

[8 rows x 15 columns]
train_err
             X_err        Y_err      yaw_err       vx_err       vy_err   yawdot_err
count  6405.000000  6405.000000  6405.000000  6405.000000  6405.000000  6405.000000
mean      0.002413     0.000726    -0.000518     0.008994    -0.000805     0.000063
std       0.424374     0.360519     0.259868     0.144847     0.129986     0.049138
min      -1.034657    -0.695084    -6.276709    -0.500134    -1.084976    -0.430268
25%      -0.332569    -0.264099    -0.009187    -0.100326    -0.047154    -0.019082
50%      -0.045273    -0.046791    -0.000213     0.077315    -0.000205    -0.000250
75%       0.331551     0.120323     0.004862     0.115121     0.047614     0.017539
max       1.557869     1.210894     6.279738     0.818969     0.966854     0.601431

val_err
             X_err        Y_err      yaw_err       vx_err       vy_err   yawdot_err
count  1130.000000  1130.000000  1130.000000  1130.000000  1130.000000  1130.000000
mean     -0.012287    -0.002301     0.002996     0.011788     0.003309    -0.000072
std       0.422676     0.367585     0.417320     0.141322     0.124919     0.046895
min      -0.943558    -0.603065    -6.270790    -0.369885    -0.928925    -0.290648
25%      -0.336661    -0.285858    -0.011063    -0.098423    -0.041359    -0.019406
50%      -0.063040    -0.045980    -0.000708     0.080493     0.001432    -0.000372
75%       0.313148     0.107133     0.003998     0.115277     0.049198     0.017135
max       1.310814     1.143903     6.273818     0.487600     0.871578     0.343184
